-15
-15
11
-9
12
4
15
2
11
13
-18
2
-2
-9
-2
-4
0
13
13
5
9
19
6
-5
-17
2
-11
4
-19
14
18
-15
13
-4
-19
17
18
-19
4
13
12
-3
15
14
-16
-20
-16
-6
-16
-17
-10
6
1
-9
18
8
6
18
12
-15
-19
15
-4
-18
-1
-5
-3
-3
-8
0
0
20
8
11
-20
-8
20
-9
0
15
6
16
-14
0
6
-6
3
20
10
-8
-18
-13
-9
16
-9
13
-9
7
1
19
3
17
19
10
5
15
20
-10
3
-15
-16
7
-19
9
13
-14
7
-4
16
17
3
3
9
3
10
-13
12
1
10
1
-8
-17
1
20
-19
3
-2
-20
2
11
10
20
1
4
19
-7
12
-13
-6
7
3
-13
7
3
17
4
16
19
-17
-18
0
0
2
10
-8
-13
7
-5
18
-18
9
9
-9
-17
-7
-4
20
15
-11
-1
4
17
-15
11
17
17
-9
-15
4
-17
-15
-18
-12
15
7
5
20
0
-19
-14
-10
7
-6
-7
-16
9
-19
-2
10
0
8
12
-11
-17
-18
3
-10
-12
10
13
19
0
1
20
0
-13
-10
19
-19
12
6
-1
14
13
-2
4
11
6
-1
17
16
-18
2
14
-17
-5
0
-7
8
20
-6
12
-16
-1
-20
-3
-20
15
19
-17
13
9
-8
12
19
12
8
-7
4
12
9
-11
-4
-6
8
-3
-3
2
3
-16
17
-4
-13
-20
-3
10
-8
14
-12
-15
-4
8
-8
13
-20
20
-19
14
-20
-3
-8
20
6
19
-4
0
0
10
0
17
-13
-1
-10
15
-15
8
17
-8
-9
11
4
3
16
-17
-9
-4
17
-17
-2
-1
-20
-3
6
-3
-8
4
20
-15
-9
18
-8
8
-6
13
3
16
6
3
0
-19
-16
9
6
3
-16
13
12
1
-10
13
1
20
-9
-6
12
-13
-7
-4
9
10
12
-2
5
4
11
-15
-7
9
-12
-9
20
-13
20
15
-14
3
-7
-1
5
16
18
-17
-13
8
-12
-7
4
-13
20
7
-11
-6
6
-7
5
18
-6
-12
-9
0
2
-20
6
-14
5
16
-13
12
-19
2
7
-11
12
2
-3
-20
-15
9
-4
9
19
6
10
5
-8
-17
5
-10
-16
3
5
-4
5
20
11
17
-18
-14
-6
4
8
8
17
-15
-13
-8
-14
9
-4
16
-9
-6
-8
-11
14
13
-8
3
16
-1
17
-10
-11
-18
5
-20
-13
3
-2
-13
1
19
20
-16
10
-2
-1
-4
14
-11
3
10
-4
6
-16
9
-8
-17
-8
-6
6
1
14
-3
16
-19
-7
-13
-5
18
-15
-14
