16
14
-12
6
-14
-10
-3
18
7
-2
-12
11
4
0
6
-13
17
-8
-1
3
-13
-15
-1
-20
4
-3
-11
11
-7
5
-12
-7
5
9
6
-1
-10
20
17
11
-9
14
3
-10
12
-14
3
-12
-17
-3
-2
0
-20
-13
-17
11
-18
15
-12
-8
-7
0
-6
4
-5
9
20
-14
-16
-9
-12
9
9
3
20
16
20
-2
2
-4
-9
-8
10
-11
-14
6
2
-10
-8
15
-19
-9
2
7
3
3
11
5
5
16
11
-14
19
-14
18
-16
20
-17
16
1
3
-14
-15
13
-10
-20
-2
-5
-2
-1
-18
-12
-9
-6
-3
-11
12
-9
-3
18
20
-3
-5
-5
-6
5
6
7
11
7
-9
-17
-4
3
17
10
-7
12
6
4
15
-15
0
-17
10
-7
11
18
15
-1
5
16
-16
-2
-8
10
20
-1
-2
9
-10
-7
-14
16
0
-10
5
-20
-5
9
19
7
-15
6
9
8
-15
4
-5
-16
20
7
14
-20
-3
-13
17
-3
7
-5
18
-16
-15
-3
3
5
15
-5
18
9
3
-11
10
-15
-18
10
-11
7
3
-3
-2
-15
-8
7
-5
10
18
-14
-13
8
-10
-6
17
17
17
10
-19
-9
5
18
-10
-19
8
-13
16
-11
-15
10
-12
1
19
-1
-8
-11
0
11
10
-16
4
-10
-5
13
13
-2
-10
15
15
4
-3
12
-4
-13
18
-8
8
-5
19
0
3
-1
16
13
2
-13
-7
14
20
16
19
-17
-3
-20
-18
-8
3
-4
-4
19
20
-18
-6
12
-6
-1
1
-15
-2
-5
-4
-5
-20
-11
8
-8
20
-3
-6
19
-12
-2
13
18
18
-19
0
-18
-3
-19
-9
7
14
-11
-4
3
11
12
20
-7
2
-10
-20
9
-2
-1
1
-14
9
-17
-18
10
-5
15
13
16
-12
0
19
-14
14
-11
-8
-2
0
14
14
6
-2
-9
-9
10
-5
-3
-8
20
-4
-3
15
14
-15
-20
15
9
17
-4
-12
0
-13
-12
9
18
-9
-12
15
3
7
4
9
15
-17
-1
13
14
14
1
-10
19
18
9
-3
17
-8
18
9
12
9
-15
-16
-15
19
5
17
-9
1
-5
9
-13
12
11
7
15
20
-15
14
1
14
-4
-18
12
-15
-1
9
9
-19
3
-17
20
1
-3
-4
20
10
-3
9
-13
-4
12
13
-9
0
3
15
6
1
-12
0
-19
6
20
4
13
-4
-15
-5
14
5
-10
11
-10
-10
11
-8
11
20
14
13
-15
1
10
16
-1
-12
-7
-3
10
-14
14
20
-7
16
-14
-13
20
4
17
0
-9
-10
13
-17
-17
5
17
