-20
15
19
-17
13
9
-8
12
19
12
8
-7
4
12
9
-11
-4
-6
8
-3
-3
2
3
-16
17
-4
-13
-20
-3
10
-8
14
-12
-15
-4
8
-8
13
-20
20
-19
14
-20
-3
-8
20
6
19
-4
0
0
10
0
17
-13
-1
-10
15
-15
8
17
-8
-9
11
4
3
16
-17
-9
-4
17
-17
-2
-1
-20
-3
6
-3
-8
4
20
-15
-9
18
-8
8
-6
13
3
16
6
3
0
-19
-16
9
6
3
-16
13
12
1
-10
13
1
20
-9
-6
12
-13
-7
-4
9
10
12
-2
5
4
11
-15
-7
9
-12
-9
20
-13
20
15
-14
3
-7
-1
5
16
18
-17
-13
8
-12
-7
4
-13
20
7
-11
-6
6
-7
5
18
-6
-12
-9
0
2
-20
6
-14
5
16
-13
12
-19
2
7
-11
12
2
-3
-20
-15
9
-4
9
19
6
10
5
-8
-17
5
-10
-16
3
5
-4
5
20
11
17
-18
-14
-6
4
8
8
17
-15
-13
-8
-14
9
-4
16
-9
-6
-8
-11
14
13
-8
3
16
-1
17
-10
-11
-18
5
-20
-13
3
-2
-13
1
19
20
-16
10
-2
-1
-4
14
-11
3
10
-4
6
-16
9
-8
-17
-8
-6
6
1
14
-3
16
-19
-7
-13
-5
18
-15
-14
-4
14
-20
13
11
-4
-19
-1
8
13
-14
7
2
14
9
11
15
8
-4
17
2
13
-16
-13
2
10
18
-17
15
-3
18
-4
17
-12
-6
18
20
-17
-15
-20
18
-7
1
20
14
-10
-5
14
0
-13
18
4
11
19
5
9
15
20
2
3
7
20
-2
14
-9
11
-16
16
-7
5
-15
-6
-17
1
20
-11
-9
11
-13
-14
-12
3
0
1
-19
7
-8
11
14
-16
-8
5
-13
-4
-6
5
10
8
-7
4
12
10
12
1
3
-2
5
-9
-2
-11
0
8
12
8
-13
-12
-5
19
-19
7
-8
1
-17
14
15
-1
11
-1
9
-10
-7
-14
-2
9
12
14
-13
7
-9
-5
-5
3
4
3
-18
18
14
-5
3
-14
6
15
18
16
-18
-19
10
-12
-13
6
-18
12
-13
4
5
-13
-4
-16
20
0
-14
13
10
-12
-7
-17
2
2
-18
-13
-2
-18
10
11
9
13
12
-4
-2
-8
-14
-9
9
-6
20
3
7
1
12
-6
5
6
15
7
4
2
-18
-5
-8
5
-8
4
0
-7
0
-8
-12
2
20
5
5
5
16
-5
-3
3
2
20
-13
-3
-12
14
2
-17
-13
15
-2
18
-17
-10
2
-20
-4
-1
-11
-13
17
19
0
16
-1
19
-19
4
-19
1
