14
6
0
-9
-8
-19
-17
-20
-13
13
6
17
0
4
19
9
5
2
2
18
-9
13
7
-20
-4
15
2
-19
11
9
14
-13
-17
15
-20
2
-17
-8
-1
-3
-4
-19
-20
-15
-20
7
1
6
-10
5
11
-5
-2
20
13
20
-5
8
18
6
14
8
8
-5
15
-15
3
9
14
1
-5
-8
-3
-1
9
16
-18
18
1
-6
7
3
-10
-7
9
4
0
-7
11
-4
-7
16
-10
-11
9
5
-19
-17
-5
14
-4
12
-8
-11
12
15
-17
-18
7
-7
3
-14
15
-2
16
12
8
-11
11
-18
3
-4
20
-12
18
-17
5
3
16
-8
16
7
16
-12
11
18
-19
-6
6
-16
0
5
11
18
-4
-2
-1
19
-12
0
-18
-3
18
5
-6
20
4
18
-20
-2
14
11
-4
0
-3
1
-11
12
-17
-3
-9
10
10
9
17
18
-13
-16
-15
9
19
18
7
19
15
-20
-16
15
-17
20
13
19
-6
-14
1
19
-5
16
-5
13
-11
-1
-7
-11
16
12
-15
17
19
-10
-3
2
6
-2
-14
18
8
-19
13
10
-13
5
0
-19
18
9
-8
-20
-17
11
-14
1
16
18
-10
-18
0
14
5
-18
6
-6
-11
-3
15
19
-15
3
11
-10
-9
-11
-12
16
-12
-11
-15
-15
11
-9
12
4
15
2
11
13
-18
2
-2
-9
-2
-4
0
13
13
5
9
19
6
-5
-17
2
-11
4
-19
14
18
-15
13
-4
-19
17
18
-19
4
13
12
-3
15
14
-16
-20
-16
-6
-16
-17
-10
6
1
-9
18
8
6
18
12
-15
-19
15
-4
-18
-1
-5
-3
-3
-8
0
0
20
8
11
-20
-8
20
-9
0
15
6
16
-14
0
6
-6
3
20
10
-8
-18
-13
-9
16
-9
13
-9
7
1
19
3
17
19
10
5
15
20
-10
3
-15
-16
7
-19
9
13
-14
7
-4
16
17
3
3
9
3
10
-13
12
1
10
1
-8
-17
1
20
-19
3
-2
-20
2
11
10
20
1
4
19
-7
12
-13
-6
7
3
-13
7
3
17
4
16
19
-17
-18
0
0
2
10
-8
-13
7
-5
18
-18
9
9
-9
-17
-7
-4
20
15
-11
-1
4
17
-15
11
17
17
-9
-15
4
-17
-15
-18
-12
15
7
5
20
0
-19
-14
-10
7
-6
-7
-16
9
-19
-2
10
0
8
12
-11
-17
-18
3
-10
-12
10
13
19
0
1
20
0
-13
-10
19
-19
12
6
-1
14
13
-2
4
11
6
-1
17
16
-18
2
14
-17
-5
0
-7
8
20
-6
12
-16
-1
-20
-3
