-4
14
-20
13
11
-4
-19
-1
8
13
-14
7
2
14
9
11
15
8
-4
17
2
13
-16
-13
2
10
18
-17
15
-3
18
-4
17
-12
-6
18
20
-17
-15
-20
18
-7
1
20
14
-10
-5
14
0
-13
18
4
11
19
5
9
15
20
2
3
7
20
-2
14
-9
11
-16
16
-7
5
-15
-6
-17
1
20
-11
-9
11
-13
-14
-12
3
0
1
-19
7
-8
11
14
-16
-8
5
-13
-4
-6
5
10
8
-7
4
12
10
12
1
3
-2
5
-9
-2
-11
0
8
12
8
-13
-12
-5
19
-19
7
-8
1
-17
14
15
-1
11
-1
9
-10
-7
-14
-2
9
12
14
-13
7
-9
-5
-5
3
4
3
-18
18
14
-5
3
-14
6
15
18
16
-18
-19
10
-12
-13
6
-18
12
-13
4
5
-13
-4
-16
20
0
-14
13
10
-12
-7
-17
2
2
-18
-13
-2
-18
10
11
9
13
12
-4
-2
-8
-14
-9
9
-6
20
3
7
1
12
-6
5
6
15
7
4
2
-18
-5
-8
5
-8
4
0
-7
0
-8
-12
2
20
5
5
5
16
-5
-3
3
2
20
-13
-3
-12
14
2
-17
-13
15
-2
18
-17
-10
2
-20
-4
-1
-11
-13
17
19
0
16
-1
19
-19
4
-19
1
16
14
-12
6
-14
-10
-3
18
7
-2
-12
11
4
0
6
-13
17
-8
-1
3
-13
-15
-1
-20
4
-3
-11
11
-7
5
-12
-7
5
9
6
-1
-10
20
17
11
-9
14
3
-10
12
-14
3
-12
-17
-3
-2
0
-20
-13
-17
11
-18
15
-12
-8
-7
0
-6
4
-5
9
20
-14
-16
-9
-12
9
9
3
20
16
20
-2
2
-4
-9
-8
10
-11
-14
6
2
-10
-8
15
-19
-9
2
7
3
3
11
5
5
16
11
-14
19
-14
18
-16
20
-17
16
1
3
-14
-15
13
-10
-20
-2
-5
-2
-1
-18
-12
-9
-6
-3
-11
12
-9
-3
18
20
-3
-5
-5
-6
5
6
7
11
7
-9
-17
-4
3
17
10
-7
12
6
4
15
-15
0
-17
10
-7
11
18
15
-1
5
16
-16
-2
-8
10
20
-1
-2
9
-10
-7
-14
16
0
-10
5
-20
-5
9
19
7
-15
6
9
8
-15
4
-5
-16
20
7
14
-20
-3
-13
17
-3
7
-5
18
-16
-15
-3
3
5
15
-5
18
9
3
-11
10
-15
-18
10
-11
7
3
-3
-2
-15
-8
7
-5
10
18
-14
-13
8
-10
-6
17
17
17
10
-19
-9
5
18
-10
-19
8
-13
16
-11
-15
10
-12
1
19
-1
-8
-11
0
11
